1 0.635938 0.377083 0.046875 0.0416667
1 0.901563 0.678125 0.046875 0.0395833
0 0.6375 0.329167 0.05 0.0583333
0 0.898438 0.726042 0.053125 0.05625
0 0.3875 0.714583 0.075 0.0708333
1 0.892187 0.5875 0.053125 0.05
0 0.896875 0.648958 0.05625 0.06875
1 0.534375 0.254167 0.05 0.0458333
0 0.534375 0.195833 0.05625 0.0666667
0 0.3875 0.714583 0.075 0.0708333
1 0.892187 0.5875 0.053125 0.05
0 0.896875 0.648958 0.05625 0.06875
1 0.534375 0.254167 0.05 0.0458333
0 0.534375 0.195833 0.05625 0.0666667
0 0.3875 0.714583 0.075 0.0708333
1 0.892187 0.5875 0.053125 0.05
0 0.896875 0.648958 0.05625 0.06875
1 0.534375 0.254167 0.05 0.0458333
0 0.534375 0.195833 0.05625 0.0666667
0 0.3875 0.714583 0.075 0.0708333
1 0.892187 0.5875 0.053125 0.05
0 0.896875 0.648958 0.05625 0.06875
1 0.534375 0.254167 0.05 0.0458333
0 0.534375 0.195833 0.05625 0.0666667
0 0.3875 0.714583 0.075 0.0708333
1 0.892187 0.5875 0.053125 0.05
0 0.896875 0.648958 0.05625 0.06875
1 0.534375 0.254167 0.05 0.0458333
0 0.534375 0.195833 0.05625 0.0666667
0 0.3875 0.714583 0.075 0.0708333
1 0.892187 0.5875 0.053125 0.05
0 0.896875 0.648958 0.05625 0.06875
1 0.534375 0.254167 0.05 0.0458333
0 0.534375 0.195833 0.05625 0.0666667
0 0.3875 0.714583 0.075 0.0708333
1 0.892187 0.5875 0.053125 0.05
0 0.896875 0.648958 0.05625 0.06875
1 0.534375 0.254167 0.05 0.0458333
0 0.534375 0.195833 0.05625 0.0666667
0 0.3875 0.714583 0.075 0.0708333
1 0.892187 0.5875 0.053125 0.05
0 0.896875 0.648958 0.05625 0.06875
1 0.534375 0.254167 0.05 0.0458333
0 0.534375 0.195833 0.05625 0.0666667
0 0.840625 0.528125 0.05625 0.0645833
1 0.846875 0.584375 0.05 0.0479167
0 0.55 0.6625 0.0625 0.0666667
1 0.196875 0.304167 0.05 0.0458333
0 0.192188 0.248958 0.053125 0.0645833
1 0.545313 0.604167 0.053125 0.0458333
0 0.840625 0.528125 0.05625 0.0645833
1 0.846875 0.584375 0.05 0.0479167
0 0.55 0.6625 0.0625 0.0666667
1 0.196875 0.304167 0.05 0.0458333
0 0.192188 0.248958 0.053125 0.0645833
1 0.545313 0.604167 0.053125 0.0458333
0 0.840625 0.528125 0.05625 0.0645833
1 0.846875 0.584375 0.05 0.0479167
0 0.55 0.6625 0.0625 0.0666667
1 0.196875 0.304167 0.05 0.0458333
0 0.192188 0.248958 0.053125 0.0645833
1 0.545313 0.604167 0.053125 0.0458333
0 0.840625 0.528125 0.05625 0.0645833
1 0.846875 0.584375 0.05 0.0479167
0 0.55 0.6625 0.0625 0.0666667
1 0.196875 0.304167 0.05 0.0458333
0 0.192188 0.248958 0.053125 0.0645833
1 0.545313 0.604167 0.053125 0.0458333
0 0.840625 0.528125 0.05625 0.0645833
1 0.846875 0.584375 0.05 0.0479167
0 0.55 0.6625 0.0625 0.0666667
1 0.196875 0.304167 0.05 0.0458333
0 0.192188 0.248958 0.053125 0.0645833
1 0.545313 0.604167 0.053125 0.0458333
0 0.840625 0.528125 0.05625 0.0645833
1 0.846875 0.584375 0.05 0.0479167
0 0.55 0.6625 0.0625 0.0666667
1 0.196875 0.304167 0.05 0.0458333
0 0.192188 0.248958 0.053125 0.0645833
1 0.545313 0.604167 0.053125 0.0458333
0 0.840625 0.528125 0.05625 0.0645833
1 0.846875 0.584375 0.05 0.0479167
0 0.55 0.6625 0.0625 0.0666667
1 0.196875 0.304167 0.05 0.0458333
0 0.192188 0.248958 0.053125 0.0645833
1 0.545313 0.604167 0.053125 0.0458333
0 0.840625 0.528125 0.05625 0.0645833
1 0.846875 0.584375 0.05 0.0479167
0 0.55 0.6625 0.0625 0.0666667
1 0.196875 0.304167 0.05 0.0458333
0 0.192188 0.248958 0.053125 0.0645833
1 0.545313 0.604167 0.053125 0.0458333
0 0.840625 0.528125 0.05625 0.0645833
1 0.846875 0.584375 0.05 0.0479167
0 0.55 0.6625 0.0625 0.0666667
1 0.196875 0.304167 0.05 0.0458333
0 0.192188 0.248958 0.053125 0.0645833
1 0.545313 0.604167 0.053125 0.0458333
0 0.840625 0.528125 0.05625 0.0645833
1 0.846875 0.584375 0.05 0.0479167
0 0.55 0.6625 0.0625 0.0666667
1 0.196875 0.304167 0.05 0.0458333
0 0.192188 0.248958 0.053125 0.0645833
1 0.545313 0.604167 0.053125 0.0458333
1 0.245312 0.373958 0.053125 0.04375
0 0.659375 0.705208 0.05625 0.0604167
1 0.660937 0.653125 0.053125 0.04375
0 0.659375 0.705208 0.05625 0.0604167
1 0.660937 0.652083 0.053125 0.0416667
0 0.659375 0.705208 0.05625 0.0604167
1 0.660937 0.652083 0.053125 0.0416667
0 0.553125 0.708333 0.075 0.0708333
1 0.554688 0.647917 0.059375 0.05
0 0.553125 0.708333 0.075 0.0708333
1 0.554688 0.647917 0.059375 0.05
1 0.414062 0.410417 0.040625 0.0333333
0 0.417188 0.372917 0.053125 0.05
1 0.740625 0.651042 0.04375 0.0395833
0 0.742188 0.695833 0.053125 0.0541667
1 0.414062 0.410417 0.040625 0.0333333
0 0.417188 0.372917 0.053125 0.05
1 0.740625 0.651042 0.04375 0.0395833
0 0.742188 0.695833 0.053125 0.0541667
1 0.414062 0.410417 0.040625 0.0333333
0 0.417188 0.372917 0.053125 0.05
1 0.740625 0.651042 0.04375 0.0395833
0 0.742188 0.695833 0.053125 0.0541667
1 0.414062 0.410417 0.040625 0.0333333
0 0.417188 0.372917 0.053125 0.05
1 0.740625 0.651042 0.04375 0.0395833
0 0.742188 0.695833 0.053125 0.0541667
1 0.414062 0.410417 0.040625 0.0333333
0 0.417188 0.372917 0.053125 0.05
1 0.740625 0.651042 0.04375 0.0395833
0 0.742188 0.695833 0.053125 0.0541667
1 0.414062 0.410417 0.040625 0.0333333
0 0.417188 0.372917 0.053125 0.05
1 0.740625 0.651042 0.04375 0.0395833
0 0.742188 0.695833 0.053125 0.0541667
1 0.414062 0.410417 0.040625 0.0333333
0 0.417188 0.372917 0.053125 0.05
1 0.740625 0.651042 0.04375 0.0395833
0 0.742188 0.695833 0.053125 0.0541667
