0 0.182812 0.253125 0.090625 0.0895833
0 0.303125 0.764583 0.05625 0.0541667
1 0.717188 0.779167 0.065625 0.05
0 0.448438 0.50625 0.053125 0.0541667
1 0.175 0.319792 0.0625 0.0479167
1 0.448438 0.505208 0.053125 0.0479167
0 0.707812 0.846875 0.078125 0.0729167
0 0.535937 0.236458 0.046875 0.03125
0 0.5375 0.255208 0.05 0.0604167
0 0.84375 0.672917 0.05 0.0625
1 0.535937 0.307292 0.046875 0.04375
1 0.84375 0.61875 0.05 0.0458333
0 0.535937 0.236458 0.046875 0.03125
0 0.5375 0.255208 0.05 0.0604167
0 0.84375 0.672917 0.05 0.0625
1 0.535937 0.307292 0.046875 0.04375
1 0.84375 0.61875 0.05 0.0458333
0 0.535937 0.236458 0.046875 0.03125
0 0.5375 0.255208 0.05 0.0604167
0 0.84375 0.672917 0.05 0.0625
1 0.535937 0.307292 0.046875 0.04375
1 0.84375 0.61875 0.05 0.0458333
0 0.535937 0.236458 0.046875 0.03125
0 0.5375 0.255208 0.05 0.0604167
0 0.84375 0.672917 0.05 0.0625
1 0.535937 0.307292 0.046875 0.04375
1 0.84375 0.61875 0.05 0.0458333
0 0.535937 0.236458 0.046875 0.03125
0 0.5375 0.255208 0.05 0.0604167
0 0.84375 0.672917 0.05 0.0625
1 0.535937 0.307292 0.046875 0.04375
1 0.84375 0.61875 0.05 0.0458333
0 0.535937 0.236458 0.046875 0.03125
0 0.5375 0.255208 0.05 0.0604167
0 0.84375 0.672917 0.05 0.0625
1 0.535937 0.307292 0.046875 0.04375
1 0.84375 0.61875 0.05 0.0458333
0 0.535937 0.236458 0.046875 0.03125
0 0.5375 0.255208 0.05 0.0604167
0 0.84375 0.672917 0.05 0.0625
1 0.535937 0.307292 0.046875 0.04375
1 0.84375 0.61875 0.05 0.0458333
0 0.535937 0.236458 0.046875 0.03125
0 0.5375 0.255208 0.05 0.0604167
0 0.84375 0.672917 0.05 0.0625
1 0.535937 0.307292 0.046875 0.04375
1 0.84375 0.61875 0.05 0.0458333
0 0.535937 0.236458 0.046875 0.03125
0 0.5375 0.255208 0.05 0.0604167
0 0.84375 0.672917 0.05 0.0625
1 0.535937 0.307292 0.046875 0.04375
1 0.84375 0.61875 0.05 0.0458333
0 0.535937 0.236458 0.046875 0.03125
0 0.5375 0.255208 0.05 0.0604167
0 0.84375 0.672917 0.05 0.0625
1 0.535937 0.307292 0.046875 0.04375
1 0.84375 0.61875 0.05 0.0458333
0 0.535937 0.236458 0.046875 0.03125
0 0.5375 0.255208 0.05 0.0604167
0 0.84375 0.672917 0.05 0.0625
1 0.535937 0.307292 0.046875 0.04375
1 0.84375 0.61875 0.05 0.0458333
0 0.535937 0.236458 0.046875 0.03125
0 0.5375 0.255208 0.05 0.0604167
0 0.84375 0.672917 0.05 0.0625
1 0.535937 0.307292 0.046875 0.04375
1 0.84375 0.61875 0.05 0.0458333
0 0.535937 0.236458 0.046875 0.03125
0 0.5375 0.255208 0.05 0.0604167
0 0.84375 0.672917 0.05 0.0625
1 0.535937 0.307292 0.046875 0.04375
1 0.84375 0.61875 0.05 0.0458333
0 0.535937 0.236458 0.046875 0.03125
0 0.5375 0.255208 0.05 0.0604167
0 0.84375 0.672917 0.05 0.0625
1 0.535937 0.307292 0.046875 0.04375
1 0.84375 0.61875 0.05 0.0458333
0 0.535937 0.236458 0.046875 0.03125
0 0.5375 0.255208 0.05 0.0604167
0 0.84375 0.672917 0.05 0.0625
1 0.535937 0.307292 0.046875 0.04375
1 0.84375 0.61875 0.05 0.0458333
0 0.535937 0.236458 0.046875 0.03125
0 0.5375 0.255208 0.05 0.0604167
0 0.84375 0.672917 0.05 0.0625
1 0.535937 0.307292 0.046875 0.04375
1 0.84375 0.61875 0.05 0.0458333
0 0.535937 0.236458 0.046875 0.03125
0 0.5375 0.255208 0.05 0.0604167
0 0.84375 0.672917 0.05 0.0625
1 0.535937 0.307292 0.046875 0.04375
1 0.84375 0.61875 0.05 0.0458333
0 0.535937 0.236458 0.046875 0.03125
0 0.5375 0.255208 0.05 0.0604167
0 0.84375 0.672917 0.05 0.0625
1 0.535937 0.307292 0.046875 0.04375
1 0.84375 0.61875 0.05 0.0458333
0 0.535937 0.236458 0.046875 0.03125
0 0.5375 0.255208 0.05 0.0604167
0 0.84375 0.672917 0.05 0.0625
1 0.535937 0.307292 0.046875 0.04375
1 0.84375 0.61875 0.05 0.0458333
0 0.535937 0.236458 0.046875 0.03125
0 0.5375 0.255208 0.05 0.0604167
0 0.84375 0.672917 0.05 0.0625
1 0.535937 0.307292 0.046875 0.04375
1 0.84375 0.61875 0.05 0.0458333
0 0.535937 0.236458 0.046875 0.03125
0 0.5375 0.255208 0.05 0.0604167
0 0.84375 0.672917 0.05 0.0625
1 0.535937 0.307292 0.046875 0.04375
1 0.84375 0.61875 0.05 0.0458333
0 0.535937 0.236458 0.046875 0.03125
0 0.5375 0.255208 0.05 0.0604167
0 0.84375 0.672917 0.05 0.0625
1 0.535937 0.307292 0.046875 0.04375
1 0.84375 0.61875 0.05 0.0458333
0 0.535937 0.236458 0.046875 0.03125
0 0.5375 0.255208 0.05 0.0604167
0 0.84375 0.672917 0.05 0.0625
1 0.535937 0.307292 0.046875 0.04375
1 0.84375 0.61875 0.05 0.0458333
0 0.535937 0.236458 0.046875 0.03125
0 0.5375 0.255208 0.05 0.0604167
0 0.84375 0.672917 0.05 0.0625
1 0.535937 0.307292 0.046875 0.04375
1 0.84375 0.61875 0.05 0.0458333
0 0.535937 0.236458 0.046875 0.03125
0 0.5375 0.255208 0.05 0.0604167
0 0.84375 0.672917 0.05 0.0625
1 0.535937 0.307292 0.046875 0.04375
1 0.84375 0.61875 0.05 0.0458333
0 0.535937 0.236458 0.046875 0.03125
0 0.5375 0.255208 0.05 0.0604167
0 0.84375 0.672917 0.05 0.0625
1 0.535937 0.307292 0.046875 0.04375
1 0.84375 0.61875 0.05 0.0458333
0 0.535937 0.236458 0.046875 0.03125
0 0.5375 0.255208 0.05 0.0604167
0 0.84375 0.672917 0.05 0.0625
1 0.535937 0.307292 0.046875 0.04375
1 0.84375 0.61875 0.05 0.0458333
0 0.535937 0.236458 0.046875 0.03125
0 0.5375 0.255208 0.05 0.0604167
0 0.84375 0.672917 0.05 0.0625
1 0.535937 0.307292 0.046875 0.04375
1 0.84375 0.61875 0.05 0.0458333
0 0.535937 0.236458 0.046875 0.03125
0 0.5375 0.255208 0.05 0.0604167
0 0.84375 0.672917 0.05 0.0625
1 0.535937 0.307292 0.046875 0.04375
1 0.84375 0.61875 0.05 0.0458333
0 0.535937 0.236458 0.046875 0.03125
0 0.5375 0.255208 0.05 0.0604167
0 0.84375 0.672917 0.05 0.0625
1 0.535937 0.307292 0.046875 0.04375
1 0.84375 0.61875 0.05 0.0458333
0 0.535937 0.236458 0.046875 0.03125
0 0.5375 0.255208 0.05 0.0604167
0 0.84375 0.672917 0.05 0.0625
1 0.535937 0.307292 0.046875 0.04375
1 0.84375 0.61875 0.05 0.0458333
0 0.535937 0.236458 0.046875 0.03125
0 0.5375 0.255208 0.05 0.0604167
0 0.84375 0.672917 0.05 0.0625
1 0.535937 0.307292 0.046875 0.04375
1 0.84375 0.61875 0.05 0.0458333
0 0.535937 0.236458 0.046875 0.03125
0 0.5375 0.255208 0.05 0.0604167
0 0.84375 0.672917 0.05 0.0625
1 0.535937 0.307292 0.046875 0.04375
1 0.84375 0.61875 0.05 0.0458333
0 0.535937 0.236458 0.046875 0.03125
0 0.5375 0.255208 0.05 0.0604167
0 0.84375 0.672917 0.05 0.0625
1 0.535937 0.307292 0.046875 0.04375
1 0.84375 0.61875 0.05 0.0458333
0 0.535937 0.236458 0.046875 0.03125
0 0.5375 0.255208 0.05 0.0604167
0 0.84375 0.672917 0.05 0.0625
1 0.535937 0.307292 0.046875 0.04375
1 0.84375 0.61875 0.05 0.0458333
0 0.535937 0.236458 0.046875 0.03125
0 0.5375 0.255208 0.05 0.0604167
0 0.84375 0.672917 0.05 0.0625
1 0.535937 0.307292 0.046875 0.04375
1 0.84375 0.61875 0.05 0.0458333
0 0.535937 0.236458 0.046875 0.03125
0 0.5375 0.255208 0.05 0.0604167
0 0.84375 0.672917 0.05 0.0625
1 0.535937 0.307292 0.046875 0.04375
1 0.84375 0.61875 0.05 0.0458333
0 0.535937 0.236458 0.046875 0.03125
0 0.5375 0.255208 0.05 0.0604167
0 0.84375 0.672917 0.05 0.0625
1 0.535937 0.307292 0.046875 0.04375
1 0.84375 0.61875 0.05 0.0458333
0 0.535937 0.236458 0.046875 0.03125
0 0.5375 0.255208 0.05 0.0604167
0 0.84375 0.672917 0.05 0.0625
1 0.535937 0.307292 0.046875 0.04375
1 0.84375 0.61875 0.05 0.0458333
0 0.535937 0.236458 0.046875 0.03125
0 0.5375 0.255208 0.05 0.0604167
0 0.84375 0.672917 0.05 0.0625
1 0.535937 0.307292 0.046875 0.04375
1 0.84375 0.61875 0.05 0.0458333
0 0.535937 0.236458 0.046875 0.03125
0 0.5375 0.255208 0.05 0.0604167
0 0.84375 0.672917 0.05 0.0625
1 0.535937 0.307292 0.046875 0.04375
1 0.84375 0.61875 0.05 0.0458333
0 0.535937 0.236458 0.046875 0.03125
0 0.5375 0.255208 0.05 0.0604167
0 0.84375 0.672917 0.05 0.0625
1 0.535937 0.307292 0.046875 0.04375
1 0.84375 0.61875 0.05 0.0458333
0 0.535937 0.236458 0.046875 0.03125
0 0.5375 0.255208 0.05 0.0604167
0 0.84375 0.672917 0.05 0.0625
1 0.535937 0.307292 0.046875 0.04375
1 0.84375 0.61875 0.05 0.0458333
0 0.535937 0.236458 0.046875 0.03125
0 0.5375 0.255208 0.05 0.0604167
0 0.84375 0.672917 0.05 0.0625
1 0.535937 0.307292 0.046875 0.04375
1 0.84375 0.61875 0.05 0.0458333
0 0.535937 0.236458 0.046875 0.03125
0 0.5375 0.255208 0.05 0.0604167
0 0.84375 0.672917 0.05 0.0625
1 0.535937 0.307292 0.046875 0.04375
1 0.84375 0.61875 0.05 0.0458333
0 0.535937 0.236458 0.046875 0.03125
0 0.5375 0.255208 0.05 0.0604167
0 0.84375 0.672917 0.05 0.0625
1 0.535937 0.307292 0.046875 0.04375
1 0.84375 0.61875 0.05 0.0458333
0 0.535937 0.236458 0.046875 0.03125
0 0.5375 0.255208 0.05 0.0604167
0 0.84375 0.672917 0.05 0.0625
1 0.535937 0.307292 0.046875 0.04375
1 0.84375 0.61875 0.05 0.0458333
0 0.535937 0.236458 0.046875 0.03125
0 0.5375 0.255208 0.05 0.0604167
0 0.84375 0.672917 0.05 0.0625
1 0.535937 0.307292 0.046875 0.04375
1 0.84375 0.61875 0.05 0.0458333
0 0.535937 0.236458 0.046875 0.03125
0 0.5375 0.255208 0.05 0.0604167
0 0.84375 0.672917 0.05 0.0625
1 0.535937 0.307292 0.046875 0.04375
1 0.84375 0.61875 0.05 0.0458333
0 0.535937 0.236458 0.046875 0.03125
0 0.5375 0.255208 0.05 0.0604167
0 0.84375 0.672917 0.05 0.0625
1 0.535937 0.307292 0.046875 0.04375
1 0.84375 0.61875 0.05 0.0458333
0 0.357812 0.421875 0.053125 0.05625
1 0.3625 0.46875 0.05625 0.0416667
1 0.725 0.740625 0.05 0.04375
0 0.723437 0.788542 0.059375 0.0604167
1 0.320312 0.477083 0.053125 0.0416667
0 0.31875 0.430208 0.05625 0.05625
1 0.690625 0.745833 0.05625 0.0458333
0 0.689062 0.794792 0.059375 0.0604167
1 0.426562 0.495833 0.040625 0.0333333
0 0.745313 0.759375 0.053125 0.0520833
0 0.421875 0.459375 0.04375 0.0479167
1 0.742188 0.71875 0.046875 0.0375
1 0.426562 0.495833 0.040625 0.0333333
0 0.745313 0.759375 0.053125 0.0520833
0 0.421875 0.459375 0.04375 0.0479167
1 0.742188 0.71875 0.046875 0.0375
0 0.598437 0.645833 0.065625 0.0666667
1 0.604688 0.589583 0.053125 0.0458333
0 0.598437 0.645833 0.065625 0.0666667
1 0.604688 0.589583 0.053125 0.0458333
0 0.598437 0.645833 0.065625 0.0666667
1 0.604688 0.589583 0.053125 0.0458333
0 0.598437 0.645833 0.065625 0.0666667
1 0.604688 0.589583 0.053125 0.0458333
0 0.598437 0.645833 0.065625 0.0666667
1 0.604688 0.589583 0.053125 0.0458333
0 0.598437 0.645833 0.065625 0.0666667
1 0.604688 0.589583 0.053125 0.0458333
0 0.598437 0.645833 0.065625 0.0666667
1 0.604688 0.589583 0.053125 0.0458333
