1 0.1625 0.315625 0.0625 0.0520833
0 0.840625 0.528125 0.05625 0.0645833
1 0.846875 0.584375 0.05 0.0479167
0 0.55 0.6625 0.0625 0.0666667
1 0.196875 0.304167 0.05 0.0458333
0 0.192188 0.248958 0.053125 0.0645833
1 0.545313 0.604167 0.053125 0.0458333
0 0.840625 0.528125 0.05625 0.0645833
1 0.846875 0.584375 0.05 0.0479167
0 0.55 0.6625 0.0625 0.0666667
1 0.196875 0.304167 0.05 0.0458333
0 0.192188 0.248958 0.053125 0.0645833
1 0.545313 0.604167 0.053125 0.0458333
0 0.840625 0.528125 0.05625 0.0645833
1 0.846875 0.584375 0.05 0.0479167
0 0.55 0.6625 0.0625 0.0666667
1 0.196875 0.304167 0.05 0.0458333
0 0.192188 0.248958 0.053125 0.0645833
1 0.545313 0.604167 0.053125 0.0458333
0 0.840625 0.528125 0.05625 0.0645833
1 0.846875 0.584375 0.05 0.0479167
0 0.55 0.6625 0.0625 0.0666667
1 0.196875 0.304167 0.05 0.0458333
0 0.192188 0.248958 0.053125 0.0645833
1 0.545313 0.604167 0.053125 0.0458333
0 0.840625 0.528125 0.05625 0.0645833
1 0.846875 0.584375 0.05 0.0479167
0 0.55 0.6625 0.0625 0.0666667
1 0.196875 0.304167 0.05 0.0458333
0 0.192188 0.248958 0.053125 0.0645833
1 0.545313 0.604167 0.053125 0.0458333
0 0.840625 0.528125 0.05625 0.0645833
1 0.846875 0.584375 0.05 0.0479167
0 0.55 0.6625 0.0625 0.0666667
1 0.196875 0.304167 0.05 0.0458333
0 0.192188 0.248958 0.053125 0.0645833
1 0.545313 0.604167 0.053125 0.0458333
0 0.840625 0.528125 0.05625 0.0645833
1 0.846875 0.584375 0.05 0.0479167
0 0.55 0.6625 0.0625 0.0666667
1 0.196875 0.304167 0.05 0.0458333
0 0.192188 0.248958 0.053125 0.0645833
1 0.545313 0.604167 0.053125 0.0458333
0 0.840625 0.528125 0.05625 0.0645833
1 0.846875 0.584375 0.05 0.0479167
0 0.55 0.6625 0.0625 0.0666667
1 0.196875 0.304167 0.05 0.0458333
0 0.192188 0.248958 0.053125 0.0645833
1 0.545313 0.604167 0.053125 0.0458333
0 0.840625 0.528125 0.05625 0.0645833
1 0.846875 0.584375 0.05 0.0479167
0 0.55 0.6625 0.0625 0.0666667
1 0.196875 0.304167 0.05 0.0458333
0 0.192188 0.248958 0.053125 0.0645833
1 0.545313 0.604167 0.053125 0.0458333
0 0.840625 0.528125 0.05625 0.0645833
1 0.846875 0.584375 0.05 0.0479167
0 0.55 0.6625 0.0625 0.0666667
1 0.196875 0.304167 0.05 0.0458333
0 0.192188 0.248958 0.053125 0.0645833
1 0.545313 0.604167 0.053125 0.0458333
0 0.840625 0.528125 0.05625 0.0645833
1 0.846875 0.584375 0.05 0.0479167
0 0.55 0.6625 0.0625 0.0666667
1 0.196875 0.304167 0.05 0.0458333
0 0.192188 0.248958 0.053125 0.0645833
1 0.545313 0.604167 0.053125 0.0458333
0 0.840625 0.528125 0.05625 0.0645833
1 0.846875 0.584375 0.05 0.0479167
0 0.55 0.6625 0.0625 0.0666667
1 0.196875 0.304167 0.05 0.0458333
0 0.192188 0.248958 0.053125 0.0645833
1 0.545313 0.604167 0.053125 0.0458333
0 0.840625 0.528125 0.05625 0.0645833
1 0.846875 0.584375 0.05 0.0479167
0 0.55 0.6625 0.0625 0.0666667
1 0.196875 0.304167 0.05 0.0458333
0 0.192188 0.248958 0.053125 0.0645833
1 0.545313 0.604167 0.053125 0.0458333
0 0.840625 0.528125 0.05625 0.0645833
1 0.846875 0.584375 0.05 0.0479167
0 0.55 0.6625 0.0625 0.0666667
1 0.196875 0.304167 0.05 0.0458333
0 0.192188 0.248958 0.053125 0.0645833
1 0.545313 0.604167 0.053125 0.0458333
0 0.840625 0.528125 0.05625 0.0645833
1 0.846875 0.584375 0.05 0.0479167
0 0.55 0.6625 0.0625 0.0666667
1 0.196875 0.304167 0.05 0.0458333
0 0.192188 0.248958 0.053125 0.0645833
1 0.545313 0.604167 0.053125 0.0458333
0 0.840625 0.528125 0.05625 0.0645833
1 0.846875 0.584375 0.05 0.0479167
0 0.55 0.6625 0.0625 0.0666667
1 0.196875 0.304167 0.05 0.0458333
0 0.192188 0.248958 0.053125 0.0645833
1 0.545313 0.604167 0.053125 0.0458333
0 0.840625 0.528125 0.05625 0.0645833
1 0.846875 0.584375 0.05 0.0479167
0 0.55 0.6625 0.0625 0.0666667
1 0.196875 0.304167 0.05 0.0458333
0 0.192188 0.248958 0.053125 0.0645833
1 0.545313 0.604167 0.053125 0.0458333
0 0.840625 0.528125 0.05625 0.0645833
1 0.846875 0.584375 0.05 0.0479167
0 0.55 0.6625 0.0625 0.0666667
1 0.196875 0.304167 0.05 0.0458333
0 0.192188 0.248958 0.053125 0.0645833
1 0.545313 0.604167 0.053125 0.0458333
0 0.840625 0.528125 0.05625 0.0645833
1 0.846875 0.584375 0.05 0.0479167
0 0.55 0.6625 0.0625 0.0666667
1 0.196875 0.304167 0.05 0.0458333
0 0.192188 0.248958 0.053125 0.0645833
1 0.545313 0.604167 0.053125 0.0458333
0 0.840625 0.528125 0.05625 0.0645833
1 0.846875 0.584375 0.05 0.0479167
0 0.55 0.6625 0.0625 0.0666667
1 0.196875 0.304167 0.05 0.0458333
0 0.192188 0.248958 0.053125 0.0645833
1 0.545313 0.604167 0.053125 0.0458333
0 0.840625 0.528125 0.05625 0.0645833
1 0.846875 0.584375 0.05 0.0479167
0 0.55 0.6625 0.0625 0.0666667
1 0.196875 0.304167 0.05 0.0458333
0 0.192188 0.248958 0.053125 0.0645833
1 0.545313 0.604167 0.053125 0.0458333
0 0.840625 0.528125 0.05625 0.0645833
1 0.846875 0.584375 0.05 0.0479167
0 0.55 0.6625 0.0625 0.0666667
1 0.196875 0.304167 0.05 0.0458333
0 0.192188 0.248958 0.053125 0.0645833
1 0.545313 0.604167 0.053125 0.0458333
0 0.840625 0.528125 0.05625 0.0645833
1 0.846875 0.584375 0.05 0.0479167
0 0.55 0.6625 0.0625 0.0666667
1 0.196875 0.304167 0.05 0.0458333
0 0.192188 0.248958 0.053125 0.0645833
1 0.545313 0.604167 0.053125 0.0458333
0 0.840625 0.528125 0.05625 0.0645833
1 0.846875 0.584375 0.05 0.0479167
0 0.55 0.6625 0.0625 0.0666667
1 0.196875 0.304167 0.05 0.0458333
0 0.192188 0.248958 0.053125 0.0645833
1 0.545313 0.604167 0.053125 0.0458333
0 0.840625 0.528125 0.05625 0.0645833
1 0.846875 0.584375 0.05 0.0479167
0 0.55 0.6625 0.0625 0.0666667
1 0.196875 0.304167 0.05 0.0458333
0 0.192188 0.248958 0.053125 0.0645833
1 0.545313 0.604167 0.053125 0.0458333
0 0.840625 0.528125 0.05625 0.0645833
1 0.846875 0.584375 0.05 0.0479167
0 0.55 0.6625 0.0625 0.0666667
1 0.196875 0.304167 0.05 0.0458333
0 0.192188 0.248958 0.053125 0.0645833
1 0.545313 0.604167 0.053125 0.0458333
0 0.840625 0.528125 0.05625 0.0645833
1 0.846875 0.584375 0.05 0.0479167
0 0.55 0.6625 0.0625 0.0666667
1 0.196875 0.304167 0.05 0.0458333
0 0.192188 0.248958 0.053125 0.0645833
1 0.545313 0.604167 0.053125 0.0458333
0 0.840625 0.528125 0.05625 0.0645833
1 0.846875 0.584375 0.05 0.0479167
0 0.55 0.6625 0.0625 0.0666667
1 0.196875 0.304167 0.05 0.0458333
0 0.192188 0.248958 0.053125 0.0645833
1 0.545313 0.604167 0.053125 0.0458333
0 0.840625 0.528125 0.05625 0.0645833
1 0.846875 0.584375 0.05 0.0479167
0 0.55 0.6625 0.0625 0.0666667
1 0.196875 0.304167 0.05 0.0458333
0 0.192188 0.248958 0.053125 0.0645833
1 0.545313 0.604167 0.053125 0.0458333
0 0.840625 0.528125 0.05625 0.0645833
1 0.846875 0.584375 0.05 0.0479167
0 0.55 0.6625 0.0625 0.0666667
1 0.196875 0.304167 0.05 0.0458333
0 0.192188 0.248958 0.053125 0.0645833
1 0.545313 0.604167 0.053125 0.0458333
0 0.840625 0.528125 0.05625 0.0645833
1 0.846875 0.584375 0.05 0.0479167
0 0.55 0.6625 0.0625 0.0666667
1 0.196875 0.304167 0.05 0.0458333
0 0.192188 0.248958 0.053125 0.0645833
1 0.545313 0.604167 0.053125 0.0458333
0 0.840625 0.528125 0.05625 0.0645833
1 0.846875 0.584375 0.05 0.0479167
0 0.55 0.6625 0.0625 0.0666667
1 0.196875 0.304167 0.05 0.0458333
0 0.192188 0.248958 0.053125 0.0645833
1 0.545313 0.604167 0.053125 0.0458333
0 0.840625 0.528125 0.05625 0.0645833
1 0.846875 0.584375 0.05 0.0479167
0 0.55 0.6625 0.0625 0.0666667
1 0.196875 0.304167 0.05 0.0458333
0 0.192188 0.248958 0.053125 0.0645833
1 0.545313 0.604167 0.053125 0.0458333
0 0.840625 0.528125 0.05625 0.0645833
1 0.846875 0.584375 0.05 0.0479167
0 0.55 0.6625 0.0625 0.0666667
1 0.196875 0.304167 0.05 0.0458333
0 0.192188 0.248958 0.053125 0.0645833
1 0.545313 0.604167 0.053125 0.0458333
0 0.840625 0.528125 0.05625 0.0645833
1 0.846875 0.584375 0.05 0.0479167
0 0.55 0.6625 0.0625 0.0666667
1 0.196875 0.304167 0.05 0.0458333
0 0.192188 0.248958 0.053125 0.0645833
1 0.545313 0.604167 0.053125 0.0458333
0 0.840625 0.528125 0.05625 0.0645833
1 0.846875 0.584375 0.05 0.0479167
0 0.55 0.6625 0.0625 0.0666667
1 0.196875 0.304167 0.05 0.0458333
0 0.192188 0.248958 0.053125 0.0645833
1 0.545313 0.604167 0.053125 0.0458333
0 0.840625 0.528125 0.05625 0.0645833
1 0.846875 0.584375 0.05 0.0479167
0 0.55 0.6625 0.0625 0.0666667
1 0.196875 0.304167 0.05 0.0458333
0 0.192188 0.248958 0.053125 0.0645833
1 0.545313 0.604167 0.053125 0.0458333
0 0.840625 0.528125 0.05625 0.0645833
1 0.846875 0.584375 0.05 0.0479167
0 0.55 0.6625 0.0625 0.0666667
1 0.196875 0.304167 0.05 0.0458333
0 0.192188 0.248958 0.053125 0.0645833
1 0.545313 0.604167 0.053125 0.0458333
0 0.840625 0.528125 0.05625 0.0645833
1 0.846875 0.584375 0.05 0.0479167
0 0.55 0.6625 0.0625 0.0666667
1 0.196875 0.304167 0.05 0.0458333
0 0.192188 0.248958 0.053125 0.0645833
1 0.545313 0.604167 0.053125 0.0458333
0 0.840625 0.528125 0.05625 0.0645833
1 0.846875 0.584375 0.05 0.0479167
0 0.55 0.6625 0.0625 0.0666667
1 0.196875 0.304167 0.05 0.0458333
0 0.192188 0.248958 0.053125 0.0645833
1 0.545313 0.604167 0.053125 0.0458333
0 0.403125 0.422917 0.05625 0.0541667
1 0.4 0.466667 0.04375 0.0375
1 0.778125 0.7375 0.05 0.0416667
0 0.776563 0.786458 0.065625 0.0645833
0 0.384375 0.415625 0.05625 0.05625
0 0.739062 0.790625 0.065625 0.0645833
1 0.382812 0.4625 0.046875 0.0375
1 0.74375 0.741667 0.05 0.0416667
0 0.3125 0.446875 0.05 0.0479167
1 0.3125 0.485417 0.0375 0.0333333
1 0.625 0.707292 0.04375 0.0354167
0 0.626562 0.747917 0.053125 0.05
0 0.3125 0.446875 0.05 0.0479167
1 0.3125 0.485417 0.0375 0.0333333
1 0.625 0.707292 0.04375 0.0354167
0 0.626562 0.747917 0.053125 0.05
0 0.417188 0.25 0.059375 0.0666667
1 0.821875 0.625 0.05625 0.0458333
0 0.817187 0.678125 0.065625 0.0645833
1 0.415625 0.302083 0.05625 0.0458333
0 0.417188 0.25 0.059375 0.0666667
1 0.821875 0.625 0.05625 0.0458333
0 0.817187 0.678125 0.065625 0.0645833
1 0.415625 0.302083 0.05625 0.0458333
0 0.417188 0.25 0.059375 0.0666667
1 0.821875 0.625 0.05625 0.0458333
0 0.817187 0.678125 0.065625 0.0645833
1 0.415625 0.302083 0.05625 0.0458333
0 0.417188 0.25 0.059375 0.0666667
1 0.821875 0.625 0.05625 0.0458333
0 0.817187 0.678125 0.065625 0.0645833
1 0.415625 0.302083 0.05625 0.0458333
0 0.417188 0.25 0.059375 0.0666667
1 0.821875 0.625 0.05625 0.0458333
0 0.817187 0.678125 0.065625 0.0645833
1 0.415625 0.302083 0.05625 0.0458333
0 0.417188 0.25 0.059375 0.0666667
1 0.821875 0.625 0.05625 0.0458333
0 0.817187 0.678125 0.065625 0.0645833
1 0.415625 0.302083 0.05625 0.0458333
0 0.417188 0.25 0.059375 0.0666667
1 0.821875 0.625 0.05625 0.0458333
0 0.817187 0.678125 0.065625 0.0645833
1 0.415625 0.302083 0.05625 0.0458333
