0 0.384375 0.477083 0.05625 0.0458333
1 0.31875 0.341667 0.04375 0.0416667
0 0.576563 0.702083 0.053125 0.0583333
1 0.579687 0.651042 0.046875 0.04375
0 0.321875 0.292708 0.05 0.05625
0 0.617188 0.644792 0.065625 0.06875
0 0.260938 0.195833 0.053125 0.0625
1 0.2625 0.252083 0.05 0.0458333
1 0.610937 0.586458 0.053125 0.0479167
0 0.617188 0.644792 0.065625 0.06875
0 0.260938 0.195833 0.053125 0.0625
1 0.2625 0.252083 0.05 0.0458333
1 0.610937 0.586458 0.053125 0.0479167
0 0.617188 0.644792 0.065625 0.06875
0 0.260938 0.195833 0.053125 0.0625
1 0.2625 0.252083 0.05 0.0458333
1 0.610937 0.586458 0.053125 0.0479167
0 0.617188 0.644792 0.065625 0.06875
0 0.260938 0.195833 0.053125 0.0625
1 0.2625 0.252083 0.05 0.0458333
1 0.610937 0.586458 0.053125 0.0479167
0 0.617188 0.644792 0.065625 0.06875
0 0.260938 0.195833 0.053125 0.0625
1 0.2625 0.252083 0.05 0.0458333
1 0.610937 0.586458 0.053125 0.0479167
0 0.617188 0.644792 0.065625 0.06875
0 0.260938 0.195833 0.053125 0.0625
1 0.2625 0.252083 0.05 0.0458333
1 0.610937 0.586458 0.053125 0.0479167
0 0.617188 0.644792 0.065625 0.06875
0 0.260938 0.195833 0.053125 0.0625
1 0.2625 0.252083 0.05 0.0458333
1 0.610937 0.586458 0.053125 0.0479167
0 0.617188 0.644792 0.065625 0.06875
0 0.260938 0.195833 0.053125 0.0625
1 0.2625 0.252083 0.05 0.0458333
1 0.610937 0.586458 0.053125 0.0479167
0 0.617188 0.644792 0.065625 0.06875
0 0.260938 0.195833 0.053125 0.0625
1 0.2625 0.252083 0.05 0.0458333
1 0.610937 0.586458 0.053125 0.0479167
0 0.617188 0.644792 0.065625 0.06875
0 0.260938 0.195833 0.053125 0.0625
1 0.2625 0.252083 0.05 0.0458333
1 0.610937 0.586458 0.053125 0.0479167
0 0.617188 0.644792 0.065625 0.06875
0 0.260938 0.195833 0.053125 0.0625
1 0.2625 0.252083 0.05 0.0458333
1 0.610937 0.586458 0.053125 0.0479167
0 0.617188 0.644792 0.065625 0.06875
0 0.260938 0.195833 0.053125 0.0625
1 0.2625 0.252083 0.05 0.0458333
1 0.610937 0.586458 0.053125 0.0479167
0 0.617188 0.644792 0.065625 0.06875
0 0.260938 0.195833 0.053125 0.0625
1 0.2625 0.252083 0.05 0.0458333
1 0.610937 0.586458 0.053125 0.0479167
0 0.617188 0.644792 0.065625 0.06875
0 0.260938 0.195833 0.053125 0.0625
1 0.2625 0.252083 0.05 0.0458333
1 0.610937 0.586458 0.053125 0.0479167
0 0.617188 0.644792 0.065625 0.06875
0 0.260938 0.195833 0.053125 0.0625
1 0.2625 0.252083 0.05 0.0458333
1 0.610937 0.586458 0.053125 0.0479167
0 0.617188 0.644792 0.065625 0.06875
0 0.260938 0.195833 0.053125 0.0625
1 0.2625 0.252083 0.05 0.0458333
1 0.610937 0.586458 0.053125 0.0479167
0 0.617188 0.644792 0.065625 0.06875
0 0.260938 0.195833 0.053125 0.0625
1 0.2625 0.252083 0.05 0.0458333
1 0.610937 0.586458 0.053125 0.0479167
0 0.617188 0.644792 0.065625 0.06875
0 0.260938 0.195833 0.053125 0.0625
1 0.2625 0.252083 0.05 0.0458333
1 0.610937 0.586458 0.053125 0.0479167
0 0.617188 0.644792 0.065625 0.06875
0 0.260938 0.195833 0.053125 0.0625
1 0.2625 0.252083 0.05 0.0458333
1 0.610937 0.586458 0.053125 0.0479167
0 0.617188 0.644792 0.065625 0.06875
0 0.260938 0.195833 0.053125 0.0625
1 0.2625 0.252083 0.05 0.0458333
1 0.610937 0.586458 0.053125 0.0479167
0 0.617188 0.644792 0.065625 0.06875
0 0.260938 0.195833 0.053125 0.0625
1 0.2625 0.252083 0.05 0.0458333
1 0.610937 0.586458 0.053125 0.0479167
0 0.617188 0.644792 0.065625 0.06875
0 0.260938 0.195833 0.053125 0.0625
1 0.2625 0.252083 0.05 0.0458333
1 0.610937 0.586458 0.053125 0.0479167
0 0.617188 0.644792 0.065625 0.06875
0 0.260938 0.195833 0.053125 0.0625
1 0.2625 0.252083 0.05 0.0458333
1 0.610937 0.586458 0.053125 0.0479167
0 0.617188 0.644792 0.065625 0.06875
0 0.260938 0.195833 0.053125 0.0625
1 0.2625 0.252083 0.05 0.0458333
1 0.610937 0.586458 0.053125 0.0479167
0 0.617188 0.644792 0.065625 0.06875
0 0.260938 0.195833 0.053125 0.0625
1 0.2625 0.252083 0.05 0.0458333
1 0.610937 0.586458 0.053125 0.0479167
0 0.617188 0.644792 0.065625 0.06875
0 0.260938 0.195833 0.053125 0.0625
1 0.2625 0.252083 0.05 0.0458333
1 0.610937 0.586458 0.053125 0.0479167
0 0.617188 0.644792 0.065625 0.06875
0 0.260938 0.195833 0.053125 0.0625
1 0.2625 0.252083 0.05 0.0458333
1 0.610937 0.586458 0.053125 0.0479167
0 0.617188 0.644792 0.065625 0.06875
0 0.260938 0.195833 0.053125 0.0625
1 0.2625 0.252083 0.05 0.0458333
1 0.610937 0.586458 0.053125 0.0479167
0 0.617188 0.644792 0.065625 0.06875
0 0.260938 0.195833 0.053125 0.0625
1 0.2625 0.252083 0.05 0.0458333
1 0.610937 0.586458 0.053125 0.0479167
0 0.617188 0.644792 0.065625 0.06875
0 0.260938 0.195833 0.053125 0.0625
1 0.2625 0.252083 0.05 0.0458333
1 0.610937 0.586458 0.053125 0.0479167
0 0.617188 0.644792 0.065625 0.06875
0 0.260938 0.195833 0.053125 0.0625
1 0.2625 0.252083 0.05 0.0458333
1 0.610937 0.586458 0.053125 0.0479167
0 0.617188 0.644792 0.065625 0.06875
0 0.260938 0.195833 0.053125 0.0625
1 0.2625 0.252083 0.05 0.0458333
1 0.610937 0.586458 0.053125 0.0479167
0 0.617188 0.644792 0.065625 0.06875
0 0.260938 0.195833 0.053125 0.0625
1 0.2625 0.252083 0.05 0.0458333
1 0.610937 0.586458 0.053125 0.0479167
0 0.617188 0.644792 0.065625 0.06875
0 0.260938 0.195833 0.053125 0.0625
1 0.2625 0.252083 0.05 0.0458333
1 0.610937 0.586458 0.053125 0.0479167
0 0.617188 0.644792 0.065625 0.06875
0 0.260938 0.195833 0.053125 0.0625
1 0.2625 0.252083 0.05 0.0458333
1 0.610937 0.586458 0.053125 0.0479167
0 0.617188 0.644792 0.065625 0.06875
0 0.260938 0.195833 0.053125 0.0625
1 0.2625 0.252083 0.05 0.0458333
1 0.610937 0.586458 0.053125 0.0479167
0 0.617188 0.644792 0.065625 0.06875
0 0.260938 0.195833 0.053125 0.0625
1 0.2625 0.252083 0.05 0.0458333
1 0.610937 0.586458 0.053125 0.0479167
0 0.617188 0.644792 0.065625 0.06875
0 0.260938 0.195833 0.053125 0.0625
1 0.2625 0.252083 0.05 0.0458333
1 0.610937 0.586458 0.053125 0.0479167
0 0.617188 0.644792 0.065625 0.06875
0 0.260938 0.195833 0.053125 0.0625
1 0.2625 0.252083 0.05 0.0458333
1 0.610937 0.586458 0.053125 0.0479167
0 0.617188 0.644792 0.065625 0.06875
0 0.260938 0.195833 0.053125 0.0625
1 0.2625 0.252083 0.05 0.0458333
1 0.610937 0.586458 0.053125 0.0479167
0 0.617188 0.644792 0.065625 0.06875
0 0.260938 0.195833 0.053125 0.0625
1 0.2625 0.252083 0.05 0.0458333
1 0.610937 0.586458 0.053125 0.0479167
0 0.617188 0.644792 0.065625 0.06875
0 0.260938 0.195833 0.053125 0.0625
1 0.2625 0.252083 0.05 0.0458333
1 0.610937 0.586458 0.053125 0.0479167
0 0.617188 0.644792 0.065625 0.06875
0 0.260938 0.195833 0.053125 0.0625
1 0.2625 0.252083 0.05 0.0458333
1 0.610937 0.586458 0.053125 0.0479167
0 0.617188 0.644792 0.065625 0.06875
0 0.260938 0.195833 0.053125 0.0625
1 0.2625 0.252083 0.05 0.0458333
1 0.610937 0.586458 0.053125 0.0479167
0 0.617188 0.644792 0.065625 0.06875
0 0.260938 0.195833 0.053125 0.0625
1 0.2625 0.252083 0.05 0.0458333
1 0.610937 0.586458 0.053125 0.0479167
0 0.617188 0.644792 0.065625 0.06875
0 0.260938 0.195833 0.053125 0.0625
1 0.2625 0.252083 0.05 0.0458333
1 0.610937 0.586458 0.053125 0.0479167
0 0.617188 0.644792 0.065625 0.06875
0 0.260938 0.195833 0.053125 0.0625
1 0.2625 0.252083 0.05 0.0458333
1 0.610937 0.586458 0.053125 0.0479167
0 0.617188 0.644792 0.065625 0.06875
0 0.260938 0.195833 0.053125 0.0625
1 0.2625 0.252083 0.05 0.0458333
1 0.610937 0.586458 0.053125 0.0479167
0 0.617188 0.644792 0.065625 0.06875
0 0.260938 0.195833 0.053125 0.0625
1 0.2625 0.252083 0.05 0.0458333
1 0.610937 0.586458 0.053125 0.0479167
0 0.617188 0.644792 0.065625 0.06875
0 0.260938 0.195833 0.053125 0.0625
1 0.2625 0.252083 0.05 0.0458333
1 0.610937 0.586458 0.053125 0.0479167
0 0.384375 0.3 0.05625 0.0583333
1 0.384375 0.347917 0.05 0.0458333
1 0.775 0.630208 0.05 0.04375
0 0.776563 0.680208 0.059375 0.0604167
0 0.382812 0.3 0.053125 0.0583333
1 0.384375 0.347917 0.05 0.0458333
0 0.778125 0.679167 0.0625 0.0583333
1 0.775 0.629167 0.05 0.0416667
0 0.415625 0.220833 0.05625 0.0625
1 0.892187 0.610417 0.059375 0.05
0 0.890625 0.66875 0.06875 0.0666667
1 0.41875 0.275 0.05625 0.0458333
0 0.415625 0.220833 0.05625 0.0625
1 0.892187 0.610417 0.059375 0.05
0 0.890625 0.66875 0.06875 0.0666667
1 0.41875 0.275 0.05625 0.0458333
0 0.345313 0.370833 0.053125 0.05
1 0.345313 0.413542 0.046875 0.0354167
1 0.667188 0.652083 0.046875 0.0375
0 0.667188 0.695833 0.053125 0.0541667
0 0.345313 0.370833 0.053125 0.05
1 0.345313 0.413542 0.046875 0.0354167
1 0.667188 0.652083 0.046875 0.0375
0 0.667188 0.695833 0.053125 0.0541667
0 0.345313 0.370833 0.053125 0.05
1 0.345313 0.413542 0.046875 0.0354167
1 0.667188 0.652083 0.046875 0.0375
0 0.667188 0.695833 0.053125 0.0541667
0 0.345313 0.370833 0.053125 0.05
1 0.345313 0.413542 0.046875 0.0354167
1 0.667188 0.652083 0.046875 0.0375
0 0.667188 0.695833 0.053125 0.0541667
0 0.345313 0.370833 0.053125 0.05
1 0.345313 0.413542 0.046875 0.0354167
1 0.667188 0.652083 0.046875 0.0375
0 0.667188 0.695833 0.053125 0.0541667
0 0.345313 0.370833 0.053125 0.05
1 0.345313 0.413542 0.046875 0.0354167
1 0.667188 0.652083 0.046875 0.0375
0 0.667188 0.695833 0.053125 0.0541667
0 0.345313 0.370833 0.053125 0.05
1 0.345313 0.413542 0.046875 0.0354167
1 0.667188 0.652083 0.046875 0.0375
0 0.667188 0.695833 0.053125 0.0541667
